109
10
29
7
9
9
40
146
11
26
39
7
8
257
24
23
80
19
5
47
16
25
8
26
7
7
6
8
136
37
46
25
86
9
96
8
6
24
5
7
10
25
8
6
11
31
5
5
92
8
4
5
5
5
5
189
26
62
15
9
29
98
8
12
7
7
44
352
7
62
102
29
52
13
12
79
11
48
35
192
12
14
25
39
154
40
15
39
110
19
31
30
44
11
12
39
25
69
80
113
34
28
45
17
29
54
18
11
15
86
18
29
12
11
18
66
101
122
102
26
129
83
53
22
139
14
16
154
34
23
24
243
15
33
15
16
53
25
19
15
18
13
17
52
13
17
13
10
12
9
10
110
6
8
15
5
129
3
3
2
2
2
2
3
441
169
34
85
50
46
696
36
33
25
21
21
28
59
40
27
0.2
20
14
81
15
9
394
10
18
10
67
11
97